19459526.0
24
[258.0, 115.0, 364.0, 0.0, 197.0, 0.0, 0.0, 266.0, 99.0, 0.0, 0.0, 278.0, 138.0, 237.0, 144.0, 237.0, 160.0, 215.0, 124.0, 0.0, 105.0, 0.0, 95.0, 0.0, 0.0, 108.0, 115.0, 212.0, 263.0, 160.0, 384.0, 0.0, 247.0, 100.0]
16110952.0
29
[258.0, 115.0, 463.0, 0.0, 296.0, 0.0, 0.0, 266.0, 0.0, 0.0, 0.0, 278.0, 138.0, 0.0, 144.0, 474.0, 160.0, 339.0, 0.0, 0.0, 466.0, 0.0, 332.0, 0.0, 0.0, 108.0, 115.0, 459.0, 263.0, 160.0, 384.0, 0.0, 0.0, 347.0]
18458545.0
25
[258.0, 115.0, 364.0, 0.0, 197.0, 0.0, 0.0, 266.0, 99.0, 0.0, 0.0, 278.0, 138.0, 237.0, 144.0, 237.0, 160.0, 215.0, 124.0, 0.0, 105.0, 0.0, 203.0, 0.0, 0.0, 0.0, 223.0, 212.0, 263.0, 160.0, 384.0, 0.0, 247.0, 100.0]
16171912.0
28
[258.0, 115.0, 364.0, 0.0, 197.0, 0.0, 0.0, 266.0, 99.0, 0.0, 0.0, 278.0, 138.0, 0.0, 381.0, 397.0, 0.0, 339.0, 0.0, 0.0, 466.0, 0.0, 0.0, 0.0, 0.0, 203.0, 370.0, 212.0, 263.0, 160.0, 384.0, 0.0, 247.0, 100.0]
16827608.0
27
[258.0, 115.0, 364.0, 0.0, 197.0, 0.0, 0.0, 266.0, 99.0, 0.0, 0.0, 278.0, 138.0, 237.0, 304.0, 237.0, 0.0, 339.0, 0.0, 0.0, 229.0, 0.0, 95.0, 0.0, 0.0, 268.0, 115.0, 312.0, 263.0, 160.0, 384.0, 0.0, 347.0, 0.0]
16030575.0
30
[0.0, 373.0, 721.0, 0.0, 296.0, 0.0, 0.0, 266.0, 0.0, 0.0, 0.0, 278.0, 138.0, 237.0, 347.0, 447.0, 383.0, 215.0, 124.0, 0.0, 105.0, 0.0, 0.0, 0.0, 0.0, 0.0, 0.0, 212.0, 263.0, 418.0, 384.0, 0.0, 247.0, 100.0]
18517195.0
25
[258.0, 115.0, 364.0, 0.0, 197.0, 0.0, 0.0, 266.0, 99.0, 0.0, 0.0, 278.0, 138.0, 237.0, 0.0, 237.0, 304.0, 215.0, 124.0, 0.0, 105.0, 0.0, 95.0, 0.0, 0.0, 252.0, 115.0, 212.0, 263.0, 160.0, 384.0, 0.0, 247.0, 100.0]
16578983.0
28
[373.0, 0.0, 364.0, 0.0, 197.0, 0.0, 0.0, 266.0, 99.0, 0.0, 0.0, 278.0, 138.0, 0.0, 144.0, 474.0, 160.0, 339.0, 0.0, 0.0, 229.0, 237.0, 203.0, 0.0, 0.0, 0.0, 223.0, 212.0, 378.0, 160.0, 384.0, 0.0, 247.0, 100.0]
18531220.0
25
[258.0, 115.0, 364.0, 0.0, 197.0, 0.0, 0.0, 266.0, 99.0, 0.0, 0.0, 278.0, 138.0, 237.0, 304.0, 237.0, 0.0, 215.0, 124.0, 0.0, 105.0, 0.0, 95.0, 0.0, 0.0, 268.0, 115.0, 212.0, 263.0, 160.0, 384.0, 0.0, 247.0, 100.0]
16927058.0
27
[258.0, 115.0, 364.0, 0.0, 197.0, 0.0, 0.0, 365.0, 0.0, 0.0, 0.0, 377.0, 138.0, 0.0, 381.0, 397.0, 0.0, 215.0, 124.0, 0.0, 342.0, 0.0, 95.0, 0.0, 0.0, 108.0, 275.0, 212.0, 263.0, 160.0, 384.0, 0.0, 247.0, 100.0]
16944908.0
28
[258.0, 115.0, 364.0, 0.0, 197.0, 0.0, 0.0, 365.0, 0.0, 0.0, 0.0, 377.0, 138.0, 474.0, 144.0, 0.0, 160.0, 215.0, 124.0, 0.0, 0.0, 342.0, 200.0, 0.0, 0.0, 108.0, 115.0, 459.0, 263.0, 160.0, 384.0, 0.0, 0.0, 347.0]
16738546.0
29
[0.0, 373.0, 819.0, 0.0, 0.0, 0.0, 0.0, 266.0, 296.0, 0.0, 0.0, 278.0, 138.0, 342.0, 249.0, 237.0, 160.0, 215.0, 124.0, 0.0, 0.0, 0.0, 203.0, 0.0, 0.0, 0.0, 223.0, 212.0, 263.0, 418.0, 384.0, 0.0, 247.0, 100.0]
17470314.0
26
[373.0, 0.0, 364.0, 0.0, 197.0, 0.0, 0.0, 266.0, 99.0, 0.0, 0.0, 278.0, 138.0, 237.0, 252.0, 237.0, 268.0, 215.0, 124.0, 0.0, 105.0, 0.0, 95.0, 0.0, 0.0, 0.0, 115.0, 212.0, 378.0, 160.0, 384.0, 0.0, 247.0, 100.0]
