19459526.0
24
[258.0, 115.0, 364.0, 0.0, 197.0, 0.0, 0.0, 266.0, 99.0, 0.0, 0.0, 278.0, 138.0, 237.0, 144.0, 237.0, 160.0, 215.0, 124.0, 0.0, 105.0, 0.0, 95.0, 0.0, 0.0, 108.0, 115.0, 212.0, 263.0, 160.0, 384.0, 0.0, 247.0, 100.0]
16047202.0
28
[258.0, 115.0, 463.0, 0.0, 296.0, 0.0, 0.0, 266.0, 0.0, 0.0, 0.0, 278.0, 138.0, 381.0, 0.0, 0.0, 397.0, 215.0, 124.0, 0.0, 249.0, 0.0, 95.0, 0.0, 0.0, 108.0, 352.0, 312.0, 263.0, 160.0, 384.0, 0.0, 347.0, 0.0]
18517195.0
25
[258.0, 115.0, 364.0, 0.0, 197.0, 0.0, 0.0, 266.0, 99.0, 0.0, 0.0, 278.0, 138.0, 237.0, 0.0, 237.0, 304.0, 215.0, 124.0, 0.0, 105.0, 0.0, 95.0, 0.0, 0.0, 252.0, 115.0, 212.0, 263.0, 160.0, 384.0, 0.0, 247.0, 100.0]
16163227.0
29
[258.0, 115.0, 364.0, 0.0, 197.0, 0.0, 0.0, 365.0, 0.0, 0.0, 0.0, 377.0, 138.0, 0.0, 381.0, 0.0, 397.0, 215.0, 124.0, 0.0, 342.0, 0.0, 332.0, 0.0, 0.0, 345.0, 115.0, 459.0, 263.0, 160.0, 384.0, 0.0, 0.0, 347.0]
16797008.0
27
[258.0, 115.0, 364.0, 0.0, 197.0, 0.0, 0.0, 266.0, 99.0, 0.0, 0.0, 278.0, 138.0, 237.0, 0.0, 237.0, 304.0, 215.0, 124.0, 0.0, 105.0, 0.0, 210.0, 0.0, 0.0, 367.0, 0.0, 459.0, 263.0, 160.0, 384.0, 0.0, 0.0, 347.0]
16727816.0
28
[258.0, 115.0, 726.0, 0.0, 296.0, 0.0, 0.0, 266.0, 0.0, 0.0, 0.0, 278.0, 138.0, 237.0, 381.0, 0.0, 160.0, 215.0, 124.0, 0.0, 105.0, 0.0, 332.0, 0.0, 0.0, 108.0, 115.0, 459.0, 0.0, 423.0, 384.0, 0.0, 0.0, 347.0]
16659308.0
29
[396.0, 115.0, 364.0, 0.0, 197.0, 0.0, 0.0, 266.0, 99.0, 0.0, 0.0, 386.0, 0.0, 237.0, 0.0, 237.0, 412.0, 215.0, 232.0, 0.0, 105.0, 0.0, 239.0, 0.0, 0.0, 0.0, 259.0, 212.0, 263.0, 160.0, 384.0, 0.0, 385.0, 100.0]
17583789.0
26
[258.0, 115.0, 364.0, 0.0, 197.0, 0.0, 0.0, 266.0, 99.0, 0.0, 0.0, 278.0, 138.0, 237.0, 252.0, 237.0, 268.0, 215.0, 124.0, 0.0, 105.0, 0.0, 95.0, 0.0, 0.0, 0.0, 115.0, 459.0, 263.0, 160.0, 384.0, 0.0, 0.0, 347.0]
16920101.0
30
[247.0, 115.0, 623.0, 0.0, 296.0, 0.0, 0.0, 266.0, 0.0, 0.0, 0.0, 278.0, 385.0, 0.0, 381.0, 237.0, 160.0, 215.0, 124.0, 0.0, 342.0, 0.0, 0.0, 258.0, 0.0, 203.0, 210.0, 212.0, 423.0, 0.0, 384.0, 0.0, 0.0, 358.0]
16763858.0
31
[258.0, 253.0, 364.0, 138.0, 197.0, 0.0, 0.0, 266.0, 99.0, 0.0, 0.0, 278.0, 0.0, 0.0, 144.0, 474.0, 298.0, 215.0, 124.0, 0.0, 342.0, 0.0, 440.0, 0.0, 0.0, 0.0, 223.0, 450.0, 263.0, 160.0, 384.0, 0.0, 347.0, 0.0]
18531220.0
25
[258.0, 115.0, 364.0, 0.0, 197.0, 0.0, 0.0, 266.0, 99.0, 0.0, 0.0, 278.0, 138.0, 237.0, 144.0, 397.0, 0.0, 215.0, 124.0, 0.0, 105.0, 0.0, 95.0, 0.0, 0.0, 108.0, 275.0, 212.0, 263.0, 160.0, 384.0, 0.0, 247.0, 100.0]
16980608.0
28
[258.0, 115.0, 463.0, 0.0, 296.0, 0.0, 0.0, 266.0, 0.0, 0.0, 0.0, 278.0, 138.0, 0.0, 144.0, 237.0, 397.0, 215.0, 124.0, 0.0, 342.0, 0.0, 95.0, 0.0, 0.0, 345.0, 115.0, 459.0, 263.0, 160.0, 384.0, 0.0, 0.0, 347.0]
17647539.0
26
[258.0, 115.0, 364.0, 0.0, 197.0, 0.0, 0.0, 266.0, 99.0, 0.0, 0.0, 278.0, 138.0, 237.0, 0.0, 237.0, 304.0, 339.0, 0.0, 0.0, 229.0, 0.0, 95.0, 0.0, 0.0, 252.0, 115.0, 212.0, 263.0, 160.0, 384.0, 0.0, 247.0, 100.0]
17063990.0
30
[258.0, 115.0, 364.0, 0.0, 197.0, 0.0, 0.0, 365.0, 0.0, 0.0, 0.0, 377.0, 138.0, 0.0, 144.0, 474.0, 160.0, 557.0, 324.0, 332.0, 0.0, 0.0, 0.0, 0.0, 0.0, 108.0, 115.0, 459.0, 263.0, 160.0, 384.0, 0.0, 0.0, 347.0]
17517003.0
29
[258.0, 115.0, 364.0, 0.0, 197.0, 0.0, 0.0, 266.0, 259.0, 0.0, 0.0, 438.0, 138.0, 0.0, 476.0, 332.0, 260.0, 215.0, 124.0, 0.0, 342.0, 0.0, 0.0, 0.0, 0.0, 108.0, 115.0, 212.0, 263.0, 0.0, 644.0, 0.0, 247.0, 0.0]
