17470314.0
26
[373.0, 0.0, 364.0, 0.0, 197.0, 0.0, 0.0, 266.0, 99.0, 0.0, 0.0, 278.0, 138.0, 237.0, 252.0, 237.0, 268.0, 215.0, 124.0, 0.0, 105.0, 0.0, 95.0, 0.0, 0.0, 0.0, 115.0, 212.0, 378.0, 160.0, 384.0, 0.0, 247.0, 100.0]
19459526.0
24
[258.0, 115.0, 364.0, 0.0, 197.0, 0.0, 0.0, 266.0, 99.0, 0.0, 0.0, 278.0, 138.0, 237.0, 144.0, 237.0, 160.0, 215.0, 124.0, 0.0, 105.0, 0.0, 95.0, 0.0, 0.0, 108.0, 115.0, 212.0, 263.0, 160.0, 384.0, 0.0, 247.0, 100.0]
18517195.0
25
[258.0, 115.0, 364.0, 0.0, 197.0, 0.0, 0.0, 266.0, 99.0, 0.0, 0.0, 278.0, 138.0, 237.0, 0.0, 381.0, 160.0, 215.0, 124.0, 0.0, 105.0, 0.0, 239.0, 0.0, 0.0, 108.0, 115.0, 212.0, 263.0, 160.0, 384.0, 0.0, 247.0, 100.0]
15876010.0
30
[396.0, 115.0, 627.0, 0.0, 197.0, 0.0, 0.0, 365.0, 0.0, 0.0, 0.0, 377.0, 0.0, 0.0, 381.0, 237.0, 160.0, 215.0, 0.0, 124.0, 342.0, 0.0, 334.0, 0.0, 0.0, 223.0, 0.0, 212.0, 0.0, 423.0, 384.0, 0.0, 385.0, 100.0]
17601639.0
26
[396.0, 115.0, 364.0, 0.0, 197.0, 0.0, 0.0, 266.0, 99.0, 0.0, 0.0, 278.0, 0.0, 237.0, 144.0, 237.0, 160.0, 215.0, 124.0, 0.0, 105.0, 0.0, 203.0, 0.0, 0.0, 0.0, 223.0, 212.0, 263.0, 160.0, 384.0, 0.0, 385.0, 100.0]
16828883.0
27
[258.0, 115.0, 463.0, 0.0, 296.0, 0.0, 0.0, 266.0, 0.0, 0.0, 0.0, 278.0, 138.0, 237.0, 0.0, 381.0, 160.0, 339.0, 0.0, 0.0, 229.0, 0.0, 239.0, 0.0, 0.0, 108.0, 115.0, 212.0, 263.0, 160.0, 384.0, 0.0, 247.0, 100.0]
15969427.0
30
[258.0, 115.0, 364.0, 0.0, 197.0, 0.0, 0.0, 390.0, 223.0, 0.0, 0.0, 278.0, 138.0, 0.0, 376.0, 474.0, 268.0, 215.0, 0.0, 0.0, 342.0, 0.0, 332.0, 0.0, 0.0, 0.0, 115.0, 312.0, 263.0, 160.0, 384.0, 0.0, 347.0, 0.0]
17543922.0
27
[258.0, 115.0, 524.0, 0.0, 197.0, 0.0, 0.0, 266.0, 99.0, 0.0, 0.0, 278.0, 138.0, 237.0, 381.0, 0.0, 160.0, 215.0, 124.0, 0.0, 105.0, 0.0, 332.0, 0.0, 0.0, 108.0, 115.0, 312.0, 423.0, 0.0, 384.0, 0.0, 347.0, 0.0]
16160437.0
28
[258.0, 115.0, 463.0, 0.0, 296.0, 0.0, 0.0, 266.0, 0.0, 0.0, 0.0, 422.0, 138.0, 237.0, 0.0, 237.0, 160.0, 215.0, 268.0, 0.0, 105.0, 0.0, 0.0, 0.0, 0.0, 203.0, 210.0, 312.0, 263.0, 160.0, 384.0, 0.0, 347.0, 0.0]
17641164.0
26
[258.0, 115.0, 364.0, 0.0, 197.0, 0.0, 0.0, 266.0, 99.0, 0.0, 0.0, 278.0, 138.0, 237.0, 381.0, 0.0, 160.0, 215.0, 124.0, 0.0, 105.0, 0.0, 440.0, 0.0, 0.0, 0.0, 223.0, 212.0, 263.0, 160.0, 384.0, 0.0, 247.0, 100.0]
15988312.0
29
[258.0, 115.0, 364.0, 0.0, 357.0, 0.0, 0.0, 266.0, 259.0, 0.0, 0.0, 278.0, 138.0, 381.0, 0.0, 397.0, 0.0, 215.0, 124.0, 0.0, 249.0, 0.0, 0.0, 0.0, 0.0, 203.0, 370.0, 212.0, 423.0, 0.0, 384.0, 0.0, 247.0, 100.0]
17772489.0
26
[258.0, 115.0, 364.0, 0.0, 197.0, 0.0, 0.0, 266.0, 99.0, 0.0, 0.0, 278.0, 138.0, 237.0, 381.0, 0.0, 160.0, 339.0, 0.0, 0.0, 229.0, 0.0, 332.0, 0.0, 0.0, 108.0, 115.0, 212.0, 263.0, 160.0, 384.0, 0.0, 247.0, 100.0]
16527983.0
28
[373.0, 0.0, 364.0, 0.0, 197.0, 0.0, 0.0, 266.0, 99.0, 0.0, 0.0, 278.0, 138.0, 345.0, 0.0, 381.0, 268.0, 215.0, 124.0, 0.0, 213.0, 0.0, 239.0, 0.0, 0.0, 0.0, 115.0, 212.0, 378.0, 160.0, 384.0, 0.0, 247.0, 100.0]
17683239.0
27
[258.0, 115.0, 364.0, 0.0, 197.0, 0.0, 0.0, 266.0, 99.0, 0.0, 0.0, 278.0, 138.0, 237.0, 0.0, 237.0, 304.0, 215.0, 124.0, 0.0, 105.0, 0.0, 239.0, 0.0, 0.0, 108.0, 259.0, 312.0, 263.0, 160.0, 384.0, 0.0, 347.0, 0.0]
18674020.0
25
[258.0, 115.0, 364.0, 0.0, 197.0, 0.0, 0.0, 266.0, 99.0, 0.0, 0.0, 278.0, 138.0, 0.0, 381.0, 237.0, 160.0, 215.0, 124.0, 0.0, 342.0, 0.0, 95.0, 0.0, 0.0, 108.0, 115.0, 212.0, 263.0, 160.0, 384.0, 0.0, 247.0, 100.0]
